$ZGOBS,1,0*FF
$ZGOBS,2,0*FF
$ZGHDT,20140821131634.27,V,29.5000000,106.5000000,368.42,0.000,V,0.00,0,0.30,1.27,43.78,0.300,0.00*5B
$ZGMPU,9.87,0.01,1.43,43.78,-0.009949,0.032776,0.945374,-0.946565,1.465649,-0.435115,9.114258,58.271484,23.334961*7E
$ZGOBS,1,0*FF
$ZGOBS,2,0*FF
$ZGHDT,20140821131635.27,V,29.5000000,106.5000000,368.42,0.000,V,0.00,0,0.28,1.27,43.75,0.300,0.00*5E
$ZGMPU,9.89,-0.00,1.44,43.75,-0.008484,0.033569,0.945801,-1.007634,1.366412,-0.412214,10.901367,57.554298,23.680664*67
$ZGOBS,1,0*FF
$ZGOBS,2,0*FF
$ZGHDT,20140821131636.27,V,29.5000000,106.5000000,368.42,0.000,V,0.00,0,0.29,1.27,43.74,0.300,0.00*5D
$ZGMPU,9.90,0.01,1.44,43.74,-0.006165,0.031372,0.946594,-0.961832,1.526718,-0.488550,9.471680,57.195702,25.409180*7C
$ZGOBS,1,0*FF
$ZGOBS,2,0*FF
$ZGHDT,20140821131637.27,V,29.5000000,106.5000000,368.42,0.000,V,0.00,0,0.30,1.27,43.74,0.300,0.00*54
$ZGMPU,9.88,0.02,1.43,43.74,-0.008057,0.030701,0.940674,-1.000000,1.526718,-0.503817,10.901367,57.554298,22.989258*4A
$ZGOBS,1,0*FF
$ZGOBS,2,0*FF
$ZGHDT,20140821131638.27,V,29.5000000,106.5000000,368.42,0.000,V,0.00,0,0.30,1.27,43.77,0.300,0.00*58
$ZGMPU,9.77,0.01,1.44,43.77,-0.005432,0.034485,0.946167,-0.946565,1.473282,-0.465649,7.684570,56.837109,24.372070*76
$ZGOBS,1,0*FF
$ZGOBS,2,0*FF
$ZGHDT,20140821131639.27,V,29.5000000,106.5000000,368.42,0.000,V,0.00,0,0.31,1.27,43.74,0.300,0.00*5B
$ZGMPU,9.67,0.02,1.44,43.74,-0.010620,0.032410,0.942810,-0.847328,1.488550,-0.396947,8.756836,59.347267,25.409180*7E
$ZGOBS,1,0*FF
$ZGOBS,2,0*FF
$ZGHDT,20140821131640.27,V,29.5000000,106.5000000,368.42,0.000,V,0.00,0,0.30,1.28,43.74,0.300,0.00*5B
$ZGMPU,9.58,0.02,1.45,43.74,-0.007751,0.033386,0.940857,-1.000000,1.465649,-0.496183,10.901367,58.630077,24.372070*4F
$ZGOBS,1,0*FF
$ZGOBS,2,0*FF
$ZGHDT,20140821131641.27,V,29.5000000,106.5000000,368.42,0.000,V,0.00,0,0.30,1.30,43.74,0.300,0.00*53
$ZGMPU,9.73,0.02,1.47,43.74,-0.011108,0.033569,0.944336,-1.282443,1.687023,-0.175573,10.722656,59.526562,23.853516*4C
$ZGOBS,1,0*FF
$ZGOBS,2,0*FF
$ZGHDT,20140821131642.27,V,29.5000000,106.5000000,368.42,0.000,V,0.00,0,0.33,1.27,43.74,0.300,0.00*55
$ZGMPU,9.85,0.04,1.44,43.74,0.005554,0.030457,0.946899,-1.297710,1.801527,-4.641222,11.080078,57.375000,24.890625*61
$ZGOBS,1,0*FF
$ZGOBS,2,0*FF
$ZGHDT,20140821131643.27,V,29.5000000,106.5000000,368.42,0.000,V,0.00,0,0.23,1.19,43.75,0.300,0.00*59
$ZGMPU,10.12,-0.05,1.36,43.75,-0.007385,0.022461,0.948425,-0.977099,-0.129771,-10.877863,11.794922,57.375000,23.507812*4E
$ZGOBS,1,0*FF
$ZGOBS,2,0*FF
$ZGHDT,20140821131644.27,V,29.5000000,106.5000000,368.42,0.000,V,0.00,0,0.15,1.12,43.78,0.300,0.00*5D
$ZGMPU,10.70,-0.13,1.29,43.78,-0.011230,0.025696,0.940857,-1.000000,1.007634,-1.129771,15.369141,58.809376,23.853516*5A
$ZGOBS,1,0*FF
$ZGOBS,2,0*FF
$ZGHDT,20140821131645.27,V,29.5000000,106.5000000,368.42,0.000,V,0.00,0,0.04,1.02,43.76,0.300,0.00*53
$ZGMPU,11.29,-0.25,1.19,43.76,-0.015259,0.025879,0.945923,-0.816794,1.251908,-0.450382,13.403320,59.705860,24.717773*54
$ZGOBS,1,0*FF
$ZGOBS,2,0*FF
$ZGHDT,20140821131646.27,V,29.5000000,106.5000000,368.42,0.000,V,0.00,0,-0.04,0.99,43.75,0.300,0.00*7D
$ZGMPU,12.10,-0.33,1.16,43.75,-0.014221,0.031006,0.944458,-1.274809,1.595420,-1.931298,15.190430,59.347267,22.297852*57
$ZGOBS,1,0*FF
$ZGOBS,2,0*FF
$ZGHDT,20140821131647.27,V,29.5000000,106.5000000,368.42,0.000,V,0.00,0,-0.07,1.03,43.76,0.300,0.00*7E
$ZGMPU,13.15,-0.36,1.20,43.76,-0.012695,0.031860,0.945557,-0.519084,1.671756,-2.702290,14.833008,58.988670,24.372070*54
$ZGOBS,1,0*FF
$ZGOBS,2,0*FF
$ZGHDT,20140821131648.27,V,29.5000000,106.5000000,368.42,0.000,V,0.00,0,-0.05,1.10,43.77,0.300,0.00*70
$ZGMPU,14.06,-0.33,1.26,43.77,-0.011047,0.035950,0.942322,-0.900763,1.793893,-2.320611,17.692383,57.195702,24.717773*5E
$ZGOBS,1,0*FF
$ZGOBS,2,0*FF
$ZGHDT,20140821131649.27,V,29.5000000,106.5000000,368.42,0.000,V,0.00,0,-0.04,1.23,43.77,0.300,0.00*70
$ZGMPU,15.31,-0.32,1.40,43.77,-0.014709,0.038269,0.940369,-1.030534,1.381679,-5.816794,19.658203,59.167969,23.507812*5D
$ZGOBS,1,0*FF
$ZGOBS,2,0*FF
$ZGHDT,20140821131650.27,V,29.5000000,106.5000000,368.42,0.000,V,0.00,0,0.02,1.37,43.77,0.300,0.00*56
$ZGMPU,17.10,-0.27,1.54,43.77,-0.008301,0.041687,0.940247,-0.946565,1.022901,-6.167939,21.087891,57.016407,25.236328*5A
sol->mpu9250.rotate_flag == 1
$ZGOBS,1,0*FF
$ZGOBS,2,0*FF
$ZGHDT,20140821131651.28,V,29.5000000,106.5000000,368.42,0.000,V,0.00,0,0.01,1.45,43.74,0.300,0.00*5D
$ZGMPU,18.90,-0.27,1.62,43.74,-0.018066,0.038696,0.943848,-1.229008,2.221374,-3.587786,24.483398,56.837109,24.026367*5D
$ZGOBS,1,0*FF
$ZGOBS,2,0*FF
$ZGHDT,20140821131652.28,V,29.5000000,106.5000000,368.42,0.000,V,0.00,0,-0.17,1.51,43.77,0.300,0.00*72
$ZGMPU,21.17,-0.46,1.68,43.77,-0.024902,0.037109,0.942383,-0.694656,1.549618,-10.160305,28.057617,56.837109,22.989258*6E
sol->mpu9250.rotate_flag == 1
$ZGOBS,1,0*FF
$ZGOBS,2,0*FF
$ZGHDT,20140821131653.28,V,29.5000000,106.5000000,368.42,0.000,V,0.00,0,-0.31,1.55,43.78,0.300,0.00*7C
$ZGMPU,23.46,-0.59,1.71,43.78,-0.012024,0.047241,0.942078,0.137405,1.496183,-9.786260,29.666016,52.713280,23.853516*74
$ZGOBS,1,0*FF
$ZGOBS,2,0*FF
$ZGHDT,20140821131654.28,V,29.5000000,106.5000000,368.42,0.000,V,0.00,0,-0.52,1.60,43.75,0.300,0.00*75
$ZGMPU,26.03,-0.80,1.77,43.75,-0.023926,0.049561,0.940308,-0.442748,1.129771,-9.045801,30.916992,53.609764,25.063477*5E
sol->mpu9250.rotate_flag == 1
$ZGOBS,1,0*FF
$ZGOBS,2,0*FF
$ZGHDT,20140821131655.28,V,29.5000000,106.5000000,368.42,0.000,V,0.00,0,-0.76,1.65,43.75,0.300,0.00*77
$ZGMPU,28.62,-1.05,1.82,43.75,-0.027954,0.037354,0.948669,-0.564885,1.435115,-4.702290,35.027344,51.996094,23.162109*59
$ZGOBS,1,0*FF
$ZGOBS,2,0*FF
$ZGHDT,20140821131656.28,V,29.5000000,106.5000000,368.42,0.000,V,0.00,0,-0.89,1.72,43.76,0.300,0.00*71
$ZGMPU,31.23,-1.18,1.88,43.76,-0.036560,0.034363,0.945129,-1.068702,1.687023,-6.610687,36.278320,49.665234,22.989258*56
sol->mpu9250.rotate_flag == 1
$ZGOBS,1,0*FF
$ZGOBS,2,0*FF
$ZGHDT,20140821131657.28,V,29.5000000,106.5000000,368.42,0.000,V,0.00,0,-1.06,1.78,43.78,0.300,0.00*72
$ZGMPU,34.17,-1.35,1.94,43.78,-0.040894,0.047058,0.942993,-1.305344,2.061069,-11.977099,38.065430,45.362110,22.989258*6F
$ZGOBS,1,0*FF
$ZGOBS,2,0*FF
$ZGHDT,20140821131658.28,V,29.5000000,106.5000000,368.42,0.000,V,0.00,0,-1.28,1.74,43.79,0.300,0.00*7C
$ZGMPU,36.88,-1.57,1.91,43.79,-0.041443,0.039368,0.943115,-0.984733,1.671756,-10.557252,40.031250,41.955467,24.199219*6A
sol->mpu9250.rotate_flag == 1
$ZGOBS,1,0*FF
$ZGOBS,2,0*FF
$ZGHDT,20140821131659.28,V,29.5000000,106.5000000,368.42,0.000,V,0.00,0,-1.47,1.75,43.77,0.300,0.00*7B
$ZGMPU,40.23,-1.76,1.92,43.77,-0.017822,0.029480,0.938293,-0.618321,1.671756,-2.977099,41.639648,41.417580,24.372070*53
$ZGOBS,1,0*FF
$ZGOBS,2,0*FF
$ZGHDT,20140821131700.28,V,29.5000000,106.5000000,368.42,0.000,V,0.00,0,-1.68,1.84,43.76,0.300,0.00*74
$ZGMPU,43.00,-1.96,2.00,43.76,-0.049622,0.040344,0.940979,-1.297710,1.564885,-8.984733,44.320312,36.935154,23.162109*59
$ZGOBS,1,0*FF
$ZGOBS,2,0*FF
$ZGHDT,20140821131701.28,V,29.5000000,106.5000000,368.42,0.000,V,0.00,0,-1.86,1.89,43.78,0.300,0.00*76
$ZGMPU,46.10,-2.15,2.06,43.78,-0.051147,0.041016,0.945190,0.030534,1.519084,-5.503817,43.605469,32.990627,24.199219*7B
sol->mpu9250.rotate_flag == 1
$ZGOBS,1,0*FF
$ZGOBS,2,0*FF
$ZGHDT,20140821131702.28,V,29.5000000,106.5000000,368.42,0.000,V,0.00,0,-2.07,1.93,43.76,0.300,0.00*7A
$ZGMPU,49.09,-2.36,2.09,43.76,-0.051636,0.045166,0.942749,-0.030534,1.564885,-10.312977,43.426758,30.659765,24.026367*61
$ZGOBS,1,0*FF
$ZGOBS,2,0*FF
$ZGHDT,20140821131703.28,V,29.5000000,106.5000000,368.42,0.000,V,0.00,0,-2.28,2.00,43.77,0.300,0.00*7E
$ZGMPU,51.83,-2.57,2.16,43.77,-0.077454,0.030518,0.935486,1.610687,2.946565,-3.221374,41.997070,25.998047,25.063477*75
sol->mpu9250.rotate_flag == 1
$ZGOBS,1,0*FF
$ZGOBS,2,0*FF
$ZGHDT,20140821131704.28,V,29.5000000,106.5000000,368.42,0.000,V,0.00,0,-2.56,2.04,43.77,0.300,0.00*74
$ZGMPU,55.11,-2.84,2.21,43.77,-0.071594,0.059937,0.941711,0.053435,1.816794,-11.358779,41.818359,22.591406,24.544922*4F
$ZGOBS,1,0*FF
$ZGOBS,2,0*FF
$ZGHDT,20140821131705.28,V,29.5000000,106.5000000,368.42,0.000,V,0.00,0,-2.85,2.07,43.75,0.300,0.00*7A
$ZGMPU,58.05,-3.14,2.24,43.75,-0.066040,0.041748,0.940247,-1.106870,1.190840,-6.534351,39.316406,18.646875,25.927734*51
sol->mpu9250.rotate_flag == 1
$ZGOBS,1,0*FF
$ZGOBS,2,0*FF
$ZGHDT,20140821131706.28,V,29.5000000,106.5000000,368.42,0.000,V,0.00,0,-3.17,2.07,43.76,0.300,0.00*70
$ZGMPU,61.47,-3.46,2.24,43.76,-0.074768,0.043701,0.939148,-0.435115,1.427481,-6.381680,37.886719,14.702344,25.927734*58
$ZGOBS,1,0*FF
$ZGOBS,2,0*FF
$ZGHDT,20140821131707.28,V,29.5000000,106.5000000,368.42,0.000,V,0.00,0,-3.54,2.10,43.77,0.300,0.00*71
$ZGMPU,64.41,-3.82,2.27,43.77,-0.084839,0.047852,0.939270,-0.320611,2.007634,-5.030534,34.312500,13.626562,26.964844*5E
sol->mpu9250.rotate_flag == 1
$ZGOBS,1,0*FF
$ZGOBS,2,0*FF
$ZGHDT,20140821131708.28,V,29.5000000,106.5000000,368.42,0.000,V,0.00,0,-4.02,2.17,43.74,0.300,0.00*7E
$ZGMPU,67.32,-4.31,2.34,43.74,-0.104187,0.059937,0.944397,-0.618321,2.068702,-5.778626,33.240234,12.909375,25.927734*5D
$ZGOBS,1,0*FF
$ZGOBS,2,0*FF
$ZGHDT,20140821131709.28,V,29.5000000,106.5000000,368.42,0.000,V,0.00,0,-4.60,2.22,43.76,0.300,0.00*7F
$ZGMPU,69.74,-4.89,2.38,43.76,-0.109009,0.050415,0.941040,-1.106870,0.816794,-4.702290,29.487305,10.578516,26.100586*5A
sol->mpu9250.rotate_flag == 1
$ZGOBS,1,0*FF
$ZGOBS,2,0*FF
$ZGHDT,20140821131710.28,V,29.5000000,106.5000000,368.42,0.000,V,0.00,0,-5.14,2.30,43.73,0.300,0.00*73
$ZGMPU,71.25,-5.42,2.46,43.73,-0.108887,0.052185,0.934570,-0.595420,1.229008,-7.503817,27.878906,7.889062,27.656250*6F
$ZGOBS,1,0*FF
$ZGOBS,2,0*FF
$ZGHDT,20140821131711.28,V,29.5000000,106.5000000,368.42,0.000,V,0.00,0,-5.68,2.26,43.76,0.300,0.00*7B
$ZGMPU,72.91,-5.96,2.43,43.76,-0.115112,0.037903,0.938721,-0.610687,0.687023,-5.809160,25.913086,4.841016,26.791992*6C
sol->mpu9250.rotate_flag == 1
$ZGOBS,1,0*FF
$ZGOBS,2,0*FF
$ZGHDT,20140821131712.28,V,29.5000000,106.5000000,368.42,0.000,V,0.00,0,-6.10,2.08,43.76,0.300,0.00*78
$ZGMPU,74.30,-6.38,2.24,43.76,-0.126526,0.042053,0.934143,-0.671756,2.679389,0.389313,22.160156,5.020312,27.310547*45
$ZGOBS,1,0*FF
$ZGOBS,2,0*FF
$ZGHDT,20140821131713.28,V,29.5000000,106.5000000,368.42,0.000,V,0.00,0,-6.45,1.84,43.78,0.300,0.00*70
$ZGMPU,75.29,-6.74,2.01,43.78,-0.136169,0.033936,0.935913,-0.458015,1.824427,-5.320611,21.445312,6.813281,27.310547*63
sol->mpu9250.rotate_flag == 1
$ZGOBS,1,0*FF
$ZGOBS,2,0*FF
$ZGHDT,20140821131714.28,V,29.5000000,106.5000000,368.42,0.000,V,0.00,0,-6.71,1.58,43.78,0.300,0.00*71
$ZGMPU,76.10,-6.99,1.74,43.78,-0.130615,0.022766,0.931824,-0.839695,3.526718,-1.374046,19.122070,4.123828,28.174805*63
$ZGOBS,1,0*FF
$ZGOBS,2,0*FF
$ZGHDT,20140821131715.28,V,29.5000000,106.5000000,368.42,0.000,V,0.00,0,-6.89,1.34,43.74,0.300,0.00*71
$ZGMPU,75.42,-7.18,1.51,43.74,-0.143433,0.033691,0.933716,-1.763359,2.946565,-0.656489,16.620117,4.482422,26.446289*61
$ZGOBS,1,0*FF
$ZGOBS,2,0*FF
$ZGHDT,20140821131716.28,V,29.5000000,106.5000000,368.42,0.000,V,0.00,0,-6.97,1.23,43.75,0.300,0.00*7A
$ZGMPU,74.56,-7.26,1.40,43.75,-0.127319,0.028992,0.935181,-0.183206,1.992366,-7.465649,12.331055,3.765234,26.446289*60
$ZGOBS,1,0*FF
$ZGOBS,2,0*FF
$ZGHDT,20140821131717.28,V,29.5000000,106.5000000,368.42,0.000,V,0.00,0,-6.96,1.00,43.77,0.300,0.00*79
$ZGMPU,72.16,-7.24,1.17,43.77,-0.116516,0.015930,0.937134,-0.167939,-0.091603,-10.526717,9.114258,4.482422,26.100586*45
sol->mpu9250.rotate_flag == 1
$ZGOBS,1,0*FF
$ZGOBS,2,0*FF
$ZGHDT,20140821131718.28,V,29.5000000,106.5000000,368.42,0.000,V,0.00,0,-6.85,0.65,43.77,0.300,0.00*76
$ZGMPU,65.12,-7.14,0.81,43.77,-0.122925,0.002197,0.940796,0.320611,1.152672,-12.778625,2.323242,6.275391,28.520508*41
$ZGOBS,1,0*FF
$ZGOBS,2,0*FF
$ZGHDT,20140821131719.28,V,29.5000000,106.5000000,368.42,0.000,V,0.00,0,-6.85,0.26,43.75,0.300,0.00*72
$ZGMPU,46.59,-7.14,0.43,43.75,-0.136597,-0.012512,0.935730,-0.480916,1.679389,-7.931298,-0.714844,7.889062,29.039062*5B
sol->mpu9250.rotate_flag == 1
$ZGOBS,1,0*FF
$ZGOBS,2,0*FF
$ZGHDT,20140821131720.28,V,29.5000000,106.5000000,368.42,0.000,V,0.00,0,-6.96,-0.44,43.76,0.300,0.00*50
$ZGMPU,8.21,-7.25,-0.27,43.76,-0.140503,-0.018555,0.929443,0.122137,0.374046,-1.106870,-1.787109,10.399219,28.001953*53
$ZGOBS,1,0*FF
$ZGOBS,2,0*FF
$ZGHDT,20140821131721.28,V,29.5000000,106.5000000,368.42,0.000,V,0.00,0,-7.09,-1.05,43.75,0.300,0.00*51
$ZGMPU,344.42,-7.37,-0.89,43.75,-0.136536,-0.023254,0.933411,-1.946565,2.938931,-0.679389,-0.893555,11.295703,26.791992*7A
$ZGOBS,1,0*FF
$ZGOBS,2,0*FF
$ZGHDT,20140821131722.28,V,29.5000000,106.5000000,368.42,0.000,V,0.00,0,-7.22,-1.53,43.73,0.300,0.00*5E
$ZGMPU,336.26,-7.51,-1.37,43.73,-0.118896,-0.025085,0.933716,2.251908,-1.053435,-5.083970,-1.072266,11.116406,25.927734*78
$ZGOBS,1,0*FF
$ZGOBS,2,0*FF
$ZGHDT,20140821131723.28,V,29.5000000,106.5000000,368.42,0.000,V,0.00,0,-7.15,-1.70,43.69,0.300,0.00*51
$ZGMPU,332.54,-7.43,-1.53,43.69,-0.119263,-0.015076,0.933899,0.076336,0.870229,-0.450382,-3.574219,13.267969,25.927734*5B
$ZGOBS,1,0*FF
$ZGOBS,2,0*FF
$ZGHDT,20140821131724.28,V,29.5000000,106.5000000,368.42,0.000,V,0.00,0,-6.89,-1.73,43.68,0.300,0.00*50
$ZGMPU,330.81,-7.17,-1.56,43.68,-0.111938,-0.020996,0.937195,-0.824427,1.961832,-7.664122,-5.540039,14.881640,25.754883*7F
$ZGOBS,1,0*FF
$ZGOBS,2,0*FF
$ZGHDT,20140821131725.28,V,29.5000000,106.5000000,368.42,0.000,V,0.00,0,-6.51,-1.79,43.69,0.300,0.00*5F
$ZGMPU,328.51,-6.80,-1.62,43.69,-0.114197,-0.028442,0.937439,-2.916031,2.877863,-8.664123,-6.254883,15.957422,25.754883*7E
$ZGOBS,1,0*FF
$ZGOBS,2,0*FF
$ZGHDT,20140821131726.28,V,29.5000000,106.5000000,368.42,0.000,V,0.00,0,-6.05,-1.95,43.67,0.300,0.00*51
$ZGMPU,326.14,-6.34,-1.78,43.67,-0.093262,-0.026794,0.939575,0.381679,0.740458,-5.656488,-11.437500,15.419531,26.619141*62
sol->mpu9250.rotate_flag == 1
$ZGOBS,1,0*FF
$ZGOBS,2,0*FF
$ZGHDT,20140821131727.28,V,29.5000000,106.5000000,368.42,0.000,V,0.00,0,-5.75,-2.15,43.66,0.300,0.00*5E
$ZGMPU,325.56,-6.03,-1.99,43.66,-0.093872,-0.034424,0.935425,-1.129771,1.328244,-3.580153,-9.650391,20.081249,24.544922*76
$ZGOBS,1,0*FF
$ZGOBS,2,0*FF
$ZGHDT,20140821131728.28,V,29.5000000,106.5000000,368.42,0.000,V,0.00,0,-5.28,-2.47,43.67,0.300,0.00*5F
$ZGMPU,326.33,-5.56,-2.30,43.67,-0.078491,-0.036072,0.940491,0.129771,1.236641,-3.030534,-10.543945,20.619141,24.026367*6C
$ZGOBS,1,0*FF
$ZGOBS,2,0*FF
$ZGHDT,20140821131729.29,V,29.5000000,106.5000000,368.42,0.000,V,0.00,0,-4.82,-2.70,43.65,0.300,0.00*58
$ZGMPU,327.31,-5.10,-2.53,43.65,-0.070801,-0.038452,0.939758,0.030534,1.335878,-5.000000,-11.258789,23.846485,23.680664*6F
$ZGOBS,1,0*FF
$ZGOBS,2,0*FF
$ZGHDT,20140821131730.29,V,29.5000000,106.5000000,368.42,0.000,V,0.00,0,-4.22,-2.83,43.62,0.300,0.00*51
$ZGMPU,328.88,-4.50,-2.66,43.62,-0.066040,-0.043762,0.937988,-0.351145,1.396947,-4.557252,-13.045898,28.508204,23.680664*41
sol->mpu9250.rotate_flag == 1
$ZGOBS,1,0*FF
$ZGOBS,2,0*FF
$ZGHDT,20140821131731.29,V,29.5000000,106.5000000,368.42,0.000,V,0.00,0,-3.75,-2.93,43.63,0.300,0.00*55
$ZGMPU,331.02,-4.03,-2.76,43.63,-0.064636,-0.035217,0.940247,-0.900763,1.572519,-8.450381,-12.509766,28.687500,24.544922*40
$ZGOBS,1,0*FF
$ZGOBS,2,0*FF
$ZGHDT,20140821131732.29,V,29.5000000,106.5000000,368.42,0.000,V,0.00,0,-3.25,-2.99,43.61,0.300,0.00*5B
$ZGMPU,333.07,-3.54,-2.82,43.61,-0.053467,-0.038513,0.942139,-0.458015,1.503817,-3.106870,-11.616211,31.735546,21.952148*47
sol->mpu9250.rotate_flag == 1
$ZGOBS,1,0*FF
$ZGOBS,2,0*FF
$ZGHDT,20140821131733.29,V,29.5000000,106.5000000,368.42,0.000,V,0.00,0,-2.78,-2.96,43.61,0.300,0.00*5C
$ZGMPU,335.02,-3.06,-2.79,43.61,-0.047180,-0.033997,0.940613,-1.068702,1.320611,-4.931298,-11.616211,36.397266,22.297852*4A
$ZGOBS,1,0*FF
$ZGOBS,2,0*FF
$ZGHDT,20140821131734.29,V,29.5000000,106.5000000,368.42,0.000,V,0.00,0,-2.36,-2.81,43.62,0.300,0.00*54
$ZGMPU,337.31,-2.64,-2.65,43.62,-0.038574,-0.035889,0.939575,-1.015267,1.419847,-10.587787,-9.829102,40.700390,22.297852*4B
sol->mpu9250.rotate_flag == 1
$ZGOBS,1,0*FF
$ZGOBS,2,0*FF
$ZGHDT,20140821131735.29,V,29.5000000,106.5000000,368.42,0.000,V,0.00,0,-1.80,-2.74,43.57,0.300,0.00*57
$ZGMPU,340.31,-2.09,-2.57,43.57,-0.020325,-0.034363,0.937744,-0.633588,1.770992,-8.618320,-10.365234,42.672657,21.087891*43
$ZGOBS,1,0*FF
$ZGOBS,2,0*FF
$ZGHDT,20140821131736.29,V,29.5000000,106.5000000,368.42,0.000,V,0.00,0,-1.35,-2.47,43.61,0.300,0.00*5F
$ZGMPU,343.01,-1.63,-2.30,43.61,-0.026917,-0.013977,0.940186,-0.801527,1.839695,-4.854962,-9.114258,47.872265,20.569336*7B
sol->mpu9250.rotate_flag == 1
$ZGOBS,1,0*FF
$ZGOBS,2,0*FF
$ZGHDT,20140821131737.29,V,29.5000000,106.5000000,368.42,0.000,V,0.00,0,-0.95,-2.06,43.61,0.300,0.00*50
$ZGMPU,346.27,-1.23,-1.89,43.61,-0.025696,0.000183,0.942932,-0.259542,1.923664,-9.396947,-6.076172,50.920311,21.087891*5D
$ZGOBS,1,0*FF
$ZGOBS,2,0*FF
$ZGHDT,20140821131738.30,V,29.5000000,106.5000000,368.42,0.000,V,0.00,0,-0.66,-1.64,43.58,0.300,0.00*56
$ZGMPU,349.74,-0.94,-1.47,43.58,-0.015320,-0.002991,0.939331,-1.198473,1.083969,-3.641221,-4.467773,52.533985,23.334961*75
sol->mpu9250.rotate_flag == 1
$ZGOBS,1,0*FF
$ZGOBS,2,0*FF
$ZGHDT,20140821131739.30,V,29.5000000,106.5000000,368.42,0.000,V,0.00,0,-0.39,-1.26,43.59,0.300,0.00*5A
$ZGMPU,352.64,-0.67,-1.09,43.59,-0.002869,-0.009705,0.940735,-0.816794,1.770992,-5.564886,0.536133,53.251171,22.643555*51
$ZGOBS,1,0*FF
$ZGOBS,2,0*FF
$ZGHDT,20140821131740.30,V,29.5000000,106.5000000,368.42,0.000,V,0.00,0,-0.03,-1.01,43.57,0.300,0.00*56
$ZGMPU,356.21,-0.31,-0.85,43.57,-0.000671,-0.006897,0.941101,-0.618321,2.000000,-10.961832,2.501953,55.940624,21.087891*61
sol->mpu9250.rotate_flag == 1
$ZGOBS,1,0*FF
$ZGOBS,2,0*FF
$ZGHDT,20140821131741.30,V,29.5000000,106.5000000,368.42,0.000,V,0.00,0,0.19,-0.88,43.58,0.300,0.00*7E
$ZGMPU,359.62,-0.09,-0.71,43.58,-0.007446,-0.002747,0.945618,-0.480916,2.091603,-7.145038,6.791016,57.375000,23.507812*5D
$ZGOBS,1,0*FF
$ZGOBS,2,0*FF
$ZGHDT,20140821131742.30,V,29.5000000,106.5000000,368.42,0.000,V,0.00,0,0.35,-0.79,43.59,0.300,0.00*7C
$ZGMPU,3.29,0.07,-0.62,43.59,-0.011719,0.000122,0.945557,-0.572519,3.534351,-6.427481,11.258789,57.912891,24.717773*62
sol->mpu9250.rotate_flag == 1
$ZGOBS,1,0*FF
$ZGOBS,2,0*FF
$ZGHDT,20140821131743.30,V,29.5000000,106.5000000,368.42,0.000,V,0.00,0,0.39,-0.66,43.57,0.300,0.00*71
$ZGMPU,6.78,0.11,-0.50,43.57,-0.012024,0.004700,0.939880,-0.916031,0.786260,-4.083970,14.118164,58.988670,23.680664*6B
$ZGOBS,1,0*FF
$ZGOBS,2,0*FF
$ZGHDT,20140821131744.30,V,29.5000000,106.5000000,368.42,0.000,V,0.00,0,0.33,-0.50,43.55,0.300,0.00*7B
$ZGMPU,9.99,0.05,-0.34,43.55,-0.007751,0.011658,0.939514,-1.274809,1.198473,-0.305344,14.833008,60.423046,21.606445*60
$ZGOBS,1,0*FF
$ZGOBS,2,0*FF
$ZGHDT,20140821131745.30,V,29.5000000,106.5000000,368.42,0.000,V,0.00,0,0.53,-0.44,43.55,0.300,0.00*79
$ZGMPU,12.23,0.25,-0.27,43.55,0.014038,-0.000122,0.943848,-0.603053,0.206107,0.458015,14.475586,58.988670,22.297852*7A
$ZGOBS,1,0*FF
$ZGOBS,2,0*FF
$ZGHDT,20140821131746.30,V,29.5000000,106.5000000,368.42,0.000,V,0.00,0,0.86,-0.46,43.54,0.300,0.00*71
$ZGMPU,13.60,0.58,-0.29,43.54,0.013428,0.003845,0.941711,-1.000000,2.206107,-0.396947,14.833008,58.988670,22.297852*77
$ZGOBS,1,0*FF
$ZGOBS,2,0*FF
$ZGHDT,20140821131747.30,V,29.5000000,106.5000000,368.42,0.000,V,0.00,0,1.19,-0.51,43.55,0.300,0.00*70
$ZGMPU,14.27,0.91,-0.35,43.55,0.014160,0.001831,0.941406,-1.351145,0.900763,-0.274809,14.833008,60.423046,21.952148*7D
$ZGOBS,1,0*FF
$ZGOBS,2,0*FF
$ZGHDT,20140821131748.31,V,29.5000000,106.5000000,368.42,0.000,V,0.00,0,1.43,-0.61,43.57,0.300,0.00*70
$ZGMPU,14.34,1.14,-0.44,43.57,0.014648,-0.005005,0.943237,-0.916031,2.038168,0.091603,13.760742,57.554298,23.334961*75
$ZGOBS,1,0*FF
$ZGOBS,2,0*FF
$ZGHDT,20140821131749.31,V,29.5000000,106.5000000,368.42,0.000,V,0.00,0,1.54,-0.69,43.54,0.300,0.00*7C
$ZGMPU,14.49,1.26,-0.53,43.54,0.012817,0.000732,0.944946,-1.229008,1.312977,-0.206107,15.726562,58.450783,23.162109*7E
$ZGOBS,1,0*FF
$ZGOBS,2,0*FF
$ZGHDT,20140821131750.31,V,29.5000000,106.5000000,368.42,0.000,V,0.00,0,1.54,-0.77,43.54,0.300,0.00*7B
$ZGMPU,14.33,1.26,-0.60,43.54,0.014832,-0.006287,0.935486,-1.916031,-0.038168,5.129771,13.403320,58.988670,21.260742*55
$ZGOBS,1,0*FF
$ZGOBS,2,0*FF
$ZGHDT,20140821131751.31,V,29.5000000,106.5000000,368.42,0.000,V,0.00,0,1.47,-0.84,43.53,0.300,0.00*73
$ZGMPU,13.25,1.19,-0.67,43.53,0.001404,-0.002747,0.936646,-0.755725,2.793893,5.572519,5.897461,58.271484,23.680664*41
sol->mpu9250.rotate_flag == 1
$ZGOBS,1,0*FF
$ZGOBS,2,0*FF
$ZGHDT,20140821131752.31,V,29.5000000,106.5000000,368.42,0.000,V,0.00,0,1.22,-0.81,43.53,0.300,0.00*76
$ZGMPU,11.08,0.94,-0.64,43.53,-0.006714,0.004700,0.943604,-1.106870,0.671756,9.671756,1.250977,55.402733,20.915039*4C
$ZGOBS,1,0*FF
$ZGOBS,2,0*FF
$ZGHDT,20140821131753.31,V,29.5000000,106.5000000,368.42,0.000,V,0.00,0,0.99,-0.81,43.54,0.300,0.00*71
$ZGMPU,8.24,0.71,-0.65,43.54,-0.002625,-0.001221,0.943848,-1.274809,1.488550,9.656488,0.536133,55.402733,20.915039*5A
sol->mpu9250.rotate_flag == 1
$ZGOBS,1,0*FF
$ZGOBS,2,0*FF
$ZGHDT,20140821131754.31,V,29.5000000,106.5000000,368.42,0.000,V,0.00,0,0.62,-0.80,43.55,0.300,0.00*72
$ZGMPU,4.22,0.34,-0.63,43.55,-0.010132,-0.005432,0.942261,-1.900763,0.778626,8.938931,-4.467773,53.609764,21.260742*79
$ZGOBS,1,0*FF
$ZGOBS,2,0*FF
$ZGHDT,20140821131755.31,V,29.5000000,106.5000000,368.42,0.000,V,0.00,0,0.32,-0.80,43.55,0.300,0.00*76
$ZGMPU,0.17,0.04,-0.63,43.55,-0.017578,0.000061,0.942444,-0.816794,2.137405,5.465649,-5.540039,51.099609,21.606445*5E
sol->mpu9250.rotate_flag == 1
$ZGOBS,1,0*FF
$ZGOBS,2,0*FF
$ZGHDT,20140821131756.31,V,29.5000000,106.5000000,368.42,0.000,V,0.00,0,0.14,-0.85,43.55,0.300,0.00*74
$ZGMPU,356.70,-0.14,-0.68,43.55,-0.016907,-0.010864,0.940308,-2.106870,1.122137,7.534351,-9.114258,47.155079,22.297852*58
$ZGOBS,1,0*FF
$ZGOBS,2,0*FF
$ZGHDT,20140821131757.31,V,29.5000000,106.5000000,368.42,0.000,V,0.00,0,0.02,-1.06,43.55,0.300,0.00*78
$ZGMPU,353.00,-0.26,-0.89,43.55,-0.014526,-0.021729,0.941772,-1.702290,1.267176,7.297710,-11.080078,42.672657,23.507812*6B
$ZGOBS,1,0*FF
$ZGOBS,2,0*FF
$ZGHDT,20140821131758.32,V,29.5000000,106.5000000,368.42,0.000,V,0.00,0,-0.05,-1.36,43.56,0.300,0.00*5E
$ZGMPU,349.62,-0.34,-1.20,43.56,-0.024475,-0.029236,0.942139,3.786260,4.625954,11.312977,-11.080078,39.803905,23.162109*74
sol->mpu9250.rotate_flag == 1
$ZGOBS,1,0*FF
$ZGOBS,2,0*FF
$ZGHDT,20140821131759.32,V,29.5000000,106.5000000,368.42,0.000,V,0.00,0,-0.23,-1.59,43.56,0.300,0.00*52
$ZGMPU,345.82,-0.51,-1.42,43.56,-0.026306,-0.020813,0.943604,1.221374,1.671756,15.007633,-13.403320,34.245701,21.606445*70
$ZGOBS,1,0*FF
$ZGOBS,2,0*FF
$ZGHDT,20140821131800.32,V,29.5000000,106.5000000,368.42,0.000,V,0.00,0,-0.34,-1.79,43.58,0.300,0.00*5B
$ZGMPU,342.34,-0.62,-1.63,43.58,-0.015564,-0.025024,0.942322,-3.091603,0.702290,1.030534,-12.152344,27.611719,22.125000*6D
sol->mpu9250.rotate_flag == 1
$ZGOBS,1,0*FF
$ZGOBS,2,0*FF
$ZGHDT,20140821131801.32,V,29.5000000,106.5000000,368.42,0.000,V,0.00,0,-0.58,-2.15,43.56,0.300,0.00*57
$ZGMPU,338.77,-0.86,-1.98,43.56,-0.039978,-0.041199,0.940918,0.610687,1.007634,11.473283,-13.045898,22.412109,22.643555*7C
$ZGOBS,1,0*FF
$ZGOBS,2,0*FF
$ZGHDT,20140821131802.32,V,29.5000000,106.5000000,368.42,0.000,V,0.00,0,-1.17,-2.43,43.58,0.300,0.00*53
$ZGMPU,335.67,-1.45,-2.27,43.58,-0.056702,-0.039734,0.932007,1.160305,0.374046,7.992366,-9.829102,17.033203,24.372070*7D
sol->mpu9250.rotate_flag == 1
$ZGOBS,1,0*FF
$ZGOBS,2,0*FF
$ZGHDT,20140821131803.32,V,29.5000000,106.5000000,368.42,0.000,V,0.00,0,-1.70,-2.48,43.59,0.300,0.00*59
$ZGMPU,333.08,-1.98,-2.32,43.59,-0.066162,-0.009338,0.935242,-0.137405,1.198473,13.015267,-3.931641,9.323438,23.853516*59
$ZGOBS,1,0*FF
$ZGOBS,2,0*FF
$ZGHDT,20140821131804.32,V,29.5000000,106.5000000,368.42,0.000,V,0.00,0,-2.34,-2.27,43.59,0.300,0.00*54
$ZGMPU,331.91,-2.63,-2.10,43.59,-0.066162,0.001831,0.939941,-1.007634,1.229008,17.480917,0.000000,6.096094,20.742188*54
sol->mpu9250.rotate_flag == 1
$ZGOBS,1,0*FF
$ZGOBS,2,0*FF
$ZGHDT,20140821131805.32,V,29.5000000,106.5000000,368.42,0.000,V,0.00,0,-2.95,-1.70,43.57,0.300,0.00*51
$ZGMPU,335.53,-3.23,-1.54,43.57,-0.072388,0.012024,0.936401,-1.618321,1.740458,13.450381,6.254883,3.765234,21.606445*57
$ZGOBS,1,0*FF
$ZGOBS,2,0*FF
$ZGHDT,20140821131806.32,V,29.5000000,106.5000000,368.42,0.000,V,0.00,0,-3.32,-0.71,43.56,0.300,0.00*5F
$ZGMPU,356.89,-3.61,-0.54,43.56,-0.072937,0.025452,0.942871,-1.580153,2.000000,16.824427,14.296875,2.510156,20.742188*6F
sol->mpu9250.rotate_flag == 1
$ZGOBS,1,0*FF
$ZGOBS,2,0*FF
$ZGHDT,20140821131807.32,V,29.5000000,106.5000000,368.42,0.000,V,0.00,0,-3.42,0.20,43.57,0.300,0.00*71
$ZGMPU,48.42,-3.70,0.37,43.57,-0.059082,0.038513,0.939758,-1.625954,0.824427,11.725191,20.194336,2.689453,21.606445*71
$ZGOBS,1,0*FF
$ZGOBS,2,0*FF
$ZGHDT,20140821131808.32,V,29.5000000,106.5000000,368.42,0.000,V,0.00,0,-3.30,0.81,43.60,0.300,0.00*74
$ZGMPU,72.71,-3.59,0.98,43.60,-0.050232,0.040100,0.942017,-1.122137,2.030534,7.809160,25.376953,5.020312,21.779297*40
sol->mpu9250.rotate_flag == 1
$ZGOBS,1,0*FF
$ZGOBS,2,0*FF
$ZGHDT,20140821131809.32,V,29.5000000,106.5000000,368.42,0.000,V,0.00,0,-2.96,1.33,43.63,0.300,0.00*73
$ZGMPU,79.82,-3.25,1.50,43.63,-0.046143,0.041260,0.939697,-1.381679,1.740458,5.137404,30.202148,7.351172,21.606445*46
$ZGOBS,1,0*FF
$ZGOBS,2,0*FF
$ZGHDT,20140821131810.32,V,29.5000000,106.5000000,368.42,0.000,V,0.00,0,-2.60,1.60,43.62,0.300,0.00*75
$ZGMPU,80.54,-2.88,1.77,43.62,-0.044067,0.044800,0.942688,-2.183206,1.702290,12.549619,31.631836,7.351172,21.606445*7C
sol->mpu9250.rotate_flag == 1
$ZGOBS,1,0*FF
$ZGOBS,2,0*FF
$ZGHDT,20140821131811.33,V,29.5000000,106.5000000,368.42,0.000,V,0.00,0,-2.23,1.80,43.63,0.300,0.00*7D
$ZGMPU,78.55,-2.51,1.97,43.63,-0.017395,0.063721,0.918579,4.923664,5.656488,61.435116,39.673828,13.267969,21.779297*64
$ZGOBS,1,0*FF
$ZGOBS,2,0*FF
$ZGHDT,20140821131812.33,V,29.5000000,106.5000000,368.42,0.000,V,0.00,0,-1.88,2.16,43.62,0.300,0.00*71
$ZGMPU,73.68,-2.16,2.32,43.62,-0.031128,0.072144,0.940674,-0.419847,1.648855,18.519083,41.997070,23.129297,21.952148*49
sol->mpu9250.rotate_flag == 1
$ZGOBS,1,0*FF
$ZGOBS,2,0*FF
$ZGHDT,20140821131813.33,V,29.5000000,106.5000000,368.42,0.000,V,0.00,0,-1.60,2.63,43.61,0.300,0.00*77
$ZGMPU,68.62,-1.88,2.80,43.61,-0.023010,0.080078,0.945190,-1.877863,0.458015,7.282443,43.248047,27.970312,23.853516*75
$ZGOBS,1,0*FF
$ZGOBS,2,0*FF
$ZGHDT,20140821131814.33,V,29.5000000,106.5000000,368.42,0.000,V,0.00,0,-0.89,3.03,43.62,0.300,0.00*72
$ZGMPU,63.86,-1.17,3.19,43.62,0.003052,0.059448,0.945618,-0.160305,1.419847,-0.244275,42.354492,27.791016,23.680664*71
sol->mpu9250.rotate_flag == 1
$ZGOBS,1,0*FF
$ZGOBS,2,0*FF
$ZGHDT,20140821131815.33,V,29.5000000,106.5000000,368.42,0.000,V,0.00,0,-0.17,3.36,43.63,0.300,0.00*73
$ZGMPU,59.62,-0.46,3.53,43.63,0.010376,0.069519,0.943298,-0.648855,2.053435,19.984734,42.175781,35.500782,25.927734*61
$ZGOBS,1,0*FF
$ZGOBS,2,0*FF
$ZGHDT,20140821131816.33,V,29.5000000,106.5000000,368.42,0.000,V,0.00,0,0.45,3.65,43.63,0.300,0.00*5C
$ZGMPU,54.33,0.17,3.82,43.63,-0.017029,0.034851,0.941223,-3.297710,5.679389,20.145039,40.924805,44.286327,24.372070*67
sol->mpu9250.rotate_flag == 1
$ZGOBS,1,0*FF
$ZGOBS,2,0*FF
$ZGHDT,20140821131817.33,V,29.5000000,106.5000000,368.42,0.000,V,0.00,0,0.48,3.19,43.66,0.300,0.00*5E
$ZGMPU,49.36,0.20,3.35,43.66,-0.030334,0.035583,0.941101,-1.328244,1.282443,13.847328,35.920898,51.099609,25.063477*65
$ZGOBS,1,0*FF
$ZGOBS,2,0*FF
$ZGHDT,20140821131818.33,V,29.5000000,106.5000000,368.42,0.000,V,0.00,0,0.18,2.57,43.68,0.300,0.00*51
$ZGMPU,42.76,-0.10,2.74,43.68,-0.027405,0.027222,0.944763,-1.809160,1.549618,9.977099,29.666016,55.582031,25.927734*71
sol->mpu9250.rotate_flag == 1
$ZGOBS,1,0*FF
$ZGOBS,2,0*FF
$ZGHDT,20140821131819.33,V,29.5000000,106.5000000,368.42,0.000,V,0.00,0,-0.27,1.88,43.68,0.300,0.00*70
$ZGMPU,35.13,-0.56,2.05,43.68,-0.019348,0.009460,0.942383,-2.183206,1.381679,22.396946,20.909180,58.988670,25.063477*48
$ZGOBS,1,0*FF
$ZGOBS,2,0*FF
$ZGHDT,20140821131820.33,V,29.5000000,106.5000000,368.42,0.000,V,0.00,0,-0.62,0.79,43.69,0.300,0.00*75
$ZGMPU,28.16,-0.91,0.96,43.69,-0.019775,0.002197,0.945679,-1.694656,1.625954,10.244275,12.867188,59.885155,24.544922*45
sol->mpu9250.rotate_flag == 1
$ZGOBS,1,0*FF
$ZGOBS,2,0*FF
$ZGHDT,20140821131821.33,V,29.5000000,106.5000000,368.42,0.000,V,0.00,0,-0.58,0.21,43.67,0.300,0.00*7E
$ZGMPU,20.82,-0.87,0.38,43.67,-0.026428,-0.001038,0.946472,-0.702290,1.160305,-1.045802,9.650391,59.526562,22.470703*44
$ZGOBS,1,0*FF
$ZGOBS,2,0*FF
$ZGHDT,20140821131822.33,V,29.5000000,106.5000000,368.42,0.000,V,0.00,0,-0.53,-0.12,43.70,0.300,0.00*5D
$ZGMPU,15.53,-0.81,0.05,43.70,-0.015930,0.013855,0.941101,-0.961832,0.725191,-0.679389,10.543945,57.912891,23.334961*5D
$ZGOBS,1,0*FF
$ZGOBS,2,0*FF
$ZGHDT,20140821131823.33,V,29.5000000,106.5000000,368.42,0.000,V,0.00,0,-0.50,-0.27,43.71,0.300,0.00*58
$ZGMPU,11.75,-0.78,-0.10,43.71,-0.022644,0.010315,0.945679,-0.938931,1.450382,-0.488550,11.616211,58.271484,24.372070*76
$ZGOBS,1,0*FF
$ZGOBS,2,0*FF
$ZGHDT,20140821131824.33,V,29.5000000,106.5000000,368.42,0.000,V,0.00,0,-0.58,-0.21,43.72,0.300,0.00*52
$ZGMPU,10.15,-0.87,-0.04,43.72,-0.022705,0.013306,0.943542,-0.984733,1.343511,-0.526718,10.901367,57.554298,23.680664*76
$ZGOBS,1,0*FF
$ZGOBS,2,0*FF
$ZGHDT,20140821131825.33,V,29.5000000,106.5000000,368.42,0.000,V,0.00,0,-0.61,-0.07,43.73,0.300,0.00*5C
$ZGMPU,9.83,-0.89,0.10,43.73,-0.026245,0.014038,0.944092,-1.229008,1.671756,-0.328244,11.616211,59.347267,25.063477*69
